# Generated .properties file with 500 lines

parameter.key.2=15257.134001 value_2
parameter.key.177=15257.134176 value_177
