# Generated .properties file with 500 lines
parameter.key.1=15257.134000 value_1
parameter.key.2=15257.134001 value_2
parameter.key.3=15257.134002 value_3
parameter.key.4=15257.134003 value_4
parameter.key.5=15257.134004 value_5
parameter.key.6=15257.134005 value_6
parameter.key.7=15257.134006 value_7
parameter.key.8=15257.134007 value_8
parameter.key.9=15257.134008 value_9
parameter.key.10=15257.134009 value_10
parameter.key.11=15257.134010 value_11
parameter.key.12=15257.134011 value_12
parameter.key.13=15257.134012 value_13
parameter.key.14=15257.134013 value_14
parameter.key.15=15257.134014 value_15
parameter.key.16=15257.134015 value_16
parameter.key.17=15257.134016 value_17
parameter.key.18=15257.134017 value_18
parameter.key.19=15257.134018 value_19
parameter.key.20=15257.134019 value_20
parameter.key.21=15257.134020 value_21
parameter.key.22=15257.134021 value_22
parameter.key.23=15257.134022 value_23
parameter.key.24=15257.134023 value_24
parameter.key.25=15257.134024 value_25
parameter.key.26=15257.134025 value_26
parameter.key.27=15257.134026 value_27
parameter.key.28=15257.134027 value_28
parameter.key.29=15257.134028 value_29
parameter.key.30=15257.134029 value_30
parameter.key.31=15257.134030 value_31
parameter.key.32=15257.134031 value_32
parameter.key.33=15257.134032 value_33
parameter.key.34=15257.134033 value_34
parameter.key.35=15257.134034 value_35
parameter.key.36=15257.134035 value_36
parameter.key.37=15257.134036 value_37
parameter.key.38=15257.134037 value_38
parameter.key.39=15257.134038 value_39
parameter.key.40=15257.134039 value_40
parameter.key.41=15257.134040 value_41
parameter.key.42=15257.134041 value_42
parameter.key.43=15257.134042 value_43
parameter.key.44=15257.134043 value_44
parameter.key.45=15257.134044 value_45
parameter.key.46=15257.134045 value_46
parameter.key.47=15257.134046 value_47
parameter.key.48=15257.134047 value_48
parameter.key.49=15257.134048 value_49
parameter.key.50=15257.134049 value_50
